variant_id,stop_id
774946,1705
797647,1407
797647,1532
797823,1531
797823,1408
805419,73
805422,83
805422,2482
805422,73
805593,1603
805593,1497
806431,1704
806432,1704
806432,2477
806432,4248
806466,1705
806466,4201
809315,1531
809416,1376
809416,1532
809456,1868
809478,1531
809494,1531
809873,4248
809873,2040
809873,1705
809910,4013
809910,3976
809910,4026
809910,4002
809911,4003
809911,4025
809911,3976
809911,4014
810558,1542
811372,1532
812503,992
812503,1015
812503,1705
812505,1015
812505,1705
812512,992
812512,1015
812516,3871
812516,992
812516,1015
812540,1705
812541,3977
812541,992
812541,1705
813989,1704
813989,149
813990,148
813990,1705
813999,153
813999,148
814099,1897
814099,1868
816469,665
816779,1603
816779,1497
816779,2818
817724,3421
817724,2275
817725,2276
817725,3415
817726,3421
817726,2275
817727,2276
817727,3415
819095,2342
819314,1897
819321,1680
819332,1496
819332,1604
819339,1897
819343,1897
819353,1897
819376,1751
819383,1398
819411,1603
819411,1497
819449,1396
819451,1868
819459,1397
819789,3995
819789,2838
819789,3476
819789,74
819789,1025
819793,74
819793,1025
819795,74
819795,1025
820343,3901
821143,1704
821143,72
821143,1125
821143,4804
821143,114
821365,3901
821721,1603
821721,1497
821721,2818
821721,1524
821721,1868
822074,812
822074,3861
822074,4458
822074,4115
822074,4459
822074,4746
822075,4747
822075,4460
822075,4114
822075,4457
822075,3410
822258,4684
822307,1396
822403,1501
822403,1580
822403,1544
822579,1160
822579,639
822579,3899
822579,1892
822579,604
822579,934
822579,568
822586,1160
822586,639
822586,3899
822586,1892
822586,604
822586,2117
822586,568
823493,1497
823493,2818
823493,1524
823493,1868
823499,1532
823531,1704
823531,149
823531,912
823533,3123
823533,636
823535,4728
823535,4521
823535,3123
823535,636
823537,4521
823537,3123
823537,636
823672,568
823672,1189
823672,935
823672,707
823672,613
823672,4652
823672,637
823672,644
823672,1329
823672,665
823733,1398
823734,1397
823809,403
823809,3256
824129,2818
824129,1524
824129,1868
824704,539
824704,527
824706,3272
824706,539
824706,527
824746,94
824746,1125
824746,3762
824747,115
824747,91
825567,1151
825567,305
825567,3891
825610,2871
825622,2479
825622,115
825635,3514
825635,508
825635,480
825635,347
825635,2666
825635,4389
825635,4825
825635,2010
825635,4738
825636,2011
825636,4827
825636,4389
825636,2665
825636,348
825636,481
825636,509
825841,3008
825841,891
825841,1138
825841,3412
825841,211
825841,240
825841,3518
825842,3008
825842,891
825842,1138
825842,3412
825842,211
825842,240
825842,3518
826014,2341
826014,375
826014,4413
826015,376
826015,1817
826016,3758
826016,1149
826016,4634
826016,4478
826016,4707
826016,4744
826017,4492
826017,4745
826017,4429
826017,4479
826017,4633
826017,271
826017,3757
826018,2884
826018,1791
826018,4634
826018,4478
826018,4707
826018,4467
826025,812
826025,3861
826025,4458
826025,4115
826025,4709
826025,4481
826025,4678
826025,4461
826025,4746
826027,4747
826027,4462
826027,4678
826027,4480
826027,4710
826027,4114
826027,4457
826027,3410
826138,115
826138,91
826138,3136
826140,1125
826140,114
826158,4492
826158,4429
826158,4479
826158,3235
826158,1865
826158,251
826162,4429
826162,4479
826162,3235
826162,1865
826162,251
826167,115
826167,4803
826167,2482
826167,73
826167,1705
826168,115
826168,4803
826168,2482
826168,73
826170,2482
826170,73
826204,396
826204,3890
826204,304
826204,2855
826204,255
826204,1759
826204,3416
826237,4681
826237,4571
826237,3517
826263,3895
826276,3895
826277,3895
826277,3144
826280,4652
826281,4652
826282,4876
826282,4875
826282,4878
826282,1817
826282,2342
826282,1963
826282,2855
826283,2479
826283,3217
826284,2479
826284,3217
826285,3218
826285,788
826294,1759
826294,116
826295,1759
826295,116
826295,788
826308,637
826309,636
826312,4652
826312,637
826331,396
826331,3890
826331,304
826331,2855
826332,3890
826332,304
826332,2855
826333,3890
826333,304
826342,3514
826342,396
826357,864
826357,3890
826357,3518
826357,3106
826366,638
826384,788
826384,2554
826439,1160
826439,824
826439,651
826449,604
826449,708
826449,711
826449,3420
826450,604
826450,708
826450,711
826450,3420
826450,2488
826451,3415
826451,2828
826451,707
826451,602
826451,613
826536,4652
826577,115
826577,1139
826577,981
826577,799
826577,1025
826578,115
826578,1139
826578,981
826578,799
826578,1025
826583,242
826583,255
826583,271
826583,281
826583,378
826584,271
826584,281
826584,3782
826584,378
826585,3782
826585,378
826586,2861
826586,1149
826586,4681
826588,1153
826588,2342
826588,2861
826588,1149
826588,4681
826589,242
826589,255
826589,271
826589,281
826589,3782
826589,378
826589,1153
826590,242
826590,255
826590,271
826590,281
826590,378
826590,1153
826591,1153
826591,2342
826591,3781
826591,2861
826591,1149
826591,4681
826592,1153
826592,2342
826592,2861
826592,1149
826592,4681
826593,255
826593,271
826593,281
826593,3782
826593,378
826594,255
826594,271
826594,281
826594,378
826596,255
826596,271
826596,281
826596,378
826596,1153
826615,480
826615,347
826615,2666
826615,4401
826615,2010
826618,3807
826618,349
826618,1215
826618,481
826620,480
826620,347
826620,2666
826620,4401
826620,2010
826623,480
826623,2035
826623,350
826657,1160
826678,2342
826678,3781
826678,2861
826678,1149
826678,4681
826682,4681
826682,4571
826682,3517
826682,3518
826687,1233
826687,3105
826687,509
826690,480
826690,347
826690,2666
826690,4401
826690,2010
826690,864
826885,1581
826885,1502
826885,1572
826889,1548
826889,1420
826889,3521
826895,4250
826895,1419
826895,1547
826895,2536
826907,1495
826956,1704
826956,149
826960,1015
826998,255
826998,271
827084,1149
827084,251
827089,3514
827089,3526
827089,2816
827089,4570
827089,255
827121,4898
827121,1420
827121,1543
827123,1497
827123,2818
827123,3523
827123,1419
827123,1471
827123,4899
827146,2818
827146,3523
827146,1419
827146,1471
827146,4899
827147,4896
827147,1470
827147,1420
827147,3521
827149,4896
827149,1470
827149,1420
827149,3521
827149,2820
827212,3891
827212,3139
827212,4878
827212,4880
827213,4876
827213,4875
827213,4874
827213,4878
827213,864
827217,3105
827217,927
827231,1548
827231,1420
827231,1581
827231,1502
827231,1572
827234,1868
827235,1396
827235,1750
827237,1751
827280,1573
827280,1501
827280,1580
827280,1419
827280,1547
827280,2536
827316,1501
827316,1580
827316,1544
827316,1397
827338,1897
827397,1531
827423,4876
827423,4875
827423,4874
827423,4878
827423,1817
827423,2342
827423,1963
827423,2855
827423,1142
827442,2855
827442,1142
827443,1759
827443,1142
827444,4876
827444,4875
827444,4874
827444,4878
827444,1817
827444,2342
827444,1963
827444,2855
827449,2855
827449,205
827457,212
827457,1306
827457,281
827463,3183
827463,2855
827472,1149
827472,4681
827472,1142
827472,824
827472,639
827472,3895
827473,284
827473,2861
827473,1149
827473,4681
827473,1142
827473,824
827480,2342
827480,1963
827480,3182
827480,2861
827480,1149
827480,4681
827480,1142
827480,824
827480,4562
827486,91
827486,798
827486,994
827489,1819
827490,1160
827519,1751
827519,1868
827770,576
827770,2880
827770,565
827770,607
827774,1819
827792,1901
827792,604
827792,708
827792,711
827792,3420
827793,3415
827793,2828
827793,707
827793,603
827793,1900
827793,4892
827796,1901
827796,604
827796,708
827796,711
827796,3422
827797,3884
827797,3415
827797,2828
827797,707
827797,603
827797,1900
827797,4892
827814,212
827814,115
827814,1025
827823,3008
827823,891
827823,1138
827823,211
827823,240
827823,3518
827833,1901
827833,604
827833,708
827833,711
827833,3420
827834,1901
827834,604
827834,708
827834,711
827834,3420
827834,2488
827835,1901
827835,604
827835,708
827835,711
827835,3420
827835,2488
827836,1901
827836,602
827837,603
827837,1900
827861,603
827866,1901
827866,613
827866,3895
827885,2342
828265,115
828265,4803
828265,2482
828265,73
828265,1705
828266,1704
828266,2251
828266,895
828267,148
828267,1705
828268,2838
828268,3476
828268,74
828268,1025
828269,1704
828269,2251
828270,1704
828270,2251
828270,895
828272,3977
828272,992
828272,1705
828273,115
828273,4803
828273,2482
828273,73
828273,1705
828274,2482
828274,73
828274,1705
828277,4248
828277,2040
828277,1705
828278,4248
828278,2040
828278,1705
828279,895
828280,992
828280,1015
828280,1705
828282,1704
828282,2251
828282,895
828282,3870
828283,3871
828283,992
828283,1015
828283,1705
828284,3871
828284,992
828284,1015
828284,1705
828287,148
828287,1705
828287,4201
828288,148
828289,148
828289,1705
828290,148
828290,1705
828291,153
828291,148
828291,1705
828292,153
828292,148
828292,1705
828293,1705
828295,148
828296,148
828296,1705
828297,148
828297,1705
828298,153
828298,148
828300,153
828300,148
828300,1705
828301,1704
828301,149
828301,153
828302,2838
828302,3476
828302,74
828302,1025
828303,3995
828303,2838
828303,3476
828303,74
828303,1025
828304,3995
828304,2838
828304,3476
828304,74
828304,1025
828305,74
828305,1025
828306,74
828306,1025
828307,1015
828307,1705
828308,1015
828308,1705
828309,3977
828309,992
828309,1015
828309,1705
828310,3977
828310,992
828310,1015
828310,1705
828311,895
828313,3977
828313,992
828313,1705
828314,895
828314,3976
828315,1704
828315,895
828315,3976
828332,91
828332,798
828332,994
828351,2884
828351,271
828351,2863
828351,3518
828351,3102
828365,115
828365,1025
828367,2342
828368,2943
828368,179
828369,180
828371,2943
828371,179
828371,4387
828371,4490
828372,4387
828372,180
828373,638
828373,3124
828374,638
828374,3124
828374,4439
828375,638
828375,3124
828375,4439
828490,650
828490,665
828497,4652
828497,637
828497,666
828497,212
828497,255
828497,271
828498,666
828498,212
828498,255
828498,271
828499,666
828499,212
828499,255
828499,271
828500,666
828500,212
828500,255
828500,271
828500,2863
828505,603
828505,1900
828505,4892
828506,1901
828506,602
828508,638
828511,637
828514,666
828514,255
828514,271
828514,281
828514,403
828514,378
828524,1329
828524,665
828526,665
828534,1497
828534,1531
828534,1408
828534,1542
828534,1579
828534,1868
828563,1680
828566,1868
828602,1541
828602,1581
828602,1502
828663,4288
828663,4300
828663,4754
828663,4285
828663,4283
828663,1217
828663,357
828663,2527
828673,639
828673,3895
828674,1901
828693,242
828693,255
828693,261
828693,179
828693,3800
828694,3799
828694,3802
828694,180
828694,2884
828694,4809
828694,2723
828696,261
828696,179
828696,3800
828698,255
828698,261
828698,179
828698,3800
828699,242
828699,255
828699,261
828699,2492
828699,3800
828702,3799
828702,3802
828702,2869
828702,2884
828702,4809
828702,2723
828703,952
828722,2935
828722,2506
828722,3422
828722,2013
828722,761
828723,760
828723,1230
828723,2711
828723,3419
828723,2935
828723,2375
828725,2935
828725,2506
828725,3422
828725,2013
828726,2506
828726,3422
828726,2013
828726,761
828727,2506
828727,3422
828727,2013
828728,760
828728,1230
828728,2711
828728,3419
828728,2375
828732,255
828732,261
828732,179
828732,3800
828833,4255
828833,2934
828833,2781
828833,3415
828839,2255
828839,4660
828839,4566
828839,3608
828839,4432
828839,3415
828839,2828
828839,707
828839,603
828884,3628
828884,4554
828884,3617
828884,3603
828884,3596
828884,3598
828884,4590
828884,2506
828884,3415
828886,4553
828886,2934
828886,2781
828886,3415
828888,3420
828888,2782
828888,4566
828892,3420
828892,2782
828892,3641
828893,3420
828893,2782
828893,3641
828893,2254
828895,4566
828895,2934
828895,2781
828895,3415
828897,2934
828897,2781
828897,3415
828898,2255
828898,2934
828898,2781
828898,3415
828906,4566
828906,3608
828906,4432
828906,3415
828906,2828
828906,707
828906,603
828929,2255
828929,4660
828929,4566
828929,3608
828929,4432
828929,3415
828929,2828
828929,707
828929,603
828931,1092
828931,2255
828931,4660
828931,4566
828931,3608
828931,4432
828931,3415
828931,2828
828931,707
828931,603
828934,3689
828934,2255
828934,4660
828934,4566
828934,3608
828934,4432
828934,3415
828934,2828
828934,707
828934,603
828938,3598
828938,4590
828938,2506
828938,3415
828939,3419
828939,4591
828939,3599
829014,4652
829014,1892
829014,603
829014,1900
829023,639
829023,3899
829027,3415
829027,2828
829028,1248
829028,711
829028,3420
829029,1248
829029,711
829029,3420
829030,3415
829030,2828
829030,613
829035,935
829035,707
829035,611
829036,2594
829036,934
829042,1230
829042,3421
829042,707
829042,613
829042,637
829043,639
829043,3899
829046,1901
829050,4652
829050,1892
829050,603
829050,1900
829051,1892
829051,603
829051,1900
829053,4652
829061,708
829061,711
829061,3422
829066,812
829066,3861
829066,4458
829066,4463
829067,4429
829067,4464
829067,4457
829067,3410
829069,812
829069,3861
829069,4458
829069,4115
829069,4709
829069,4481
829069,4678
829069,4461
829069,4746
829069,4711
829070,2884
829070,1791
829070,4634
829070,4478
829070,4465
829070,4746
829071,4747
829071,4429
829071,4479
829071,3235
829071,1865
829071,251
829072,812
829072,3861
829072,4458
829072,4463
829072,4707
829072,4744
829072,4493
829072,4497
829073,4496
829073,4490
829073,4745
829073,4429
829073,4464
829073,4457
829073,3410
829076,616
829076,1248
829076,708
829076,711
829076,3419
829076,2279
829076,4591
829076,3599
829076,3597
829076,3604
829076,3601
829076,3663
829076,1083
829078,616
829078,1248
829078,708
829078,711
829078,3419
829078,2279
829078,4591
829078,3599
829078,3597
829078,3604
829078,3601
829078,4528
829078,3720
829079,3720
829079,4529
829079,3600
829079,3603
829079,3596
829079,3598
829079,4590
829079,2506
829079,3415
829079,2828
829079,707
829079,1819
829080,616
829080,1248
829080,708
829080,711
829080,3419
829080,2279
829080,4591
829080,3599
829080,3597
829080,3604
829080,1086
829080,3632
829080,3621
829080,1092
829081,3689
829081,3736
829081,1093
829081,4254
829081,3617
829081,3603
829081,3596
829081,3598
829081,4590
829081,2506
829081,3415
829081,2828
829081,707
829081,1819
829083,616
829083,1248
829083,708
829083,711
829083,3419
829083,2279
829083,4591
829083,3599
829083,3597
829083,3604
829083,3601
829083,3663
829083,1083
829094,1200
829094,3662
829094,3600
829094,3616
829094,3603
829094,3596
829094,3598
829094,4590
829094,2506
829094,3415
829094,2828
829094,707
829094,1819
829100,616
829100,1248
829100,708
829100,711
829100,3419
829100,2279
829100,4591
829100,3599
829100,3597
829100,3604
829100,3616
829100,3601
829100,4528
829100,3720
829101,616
829101,1248
829101,708
829101,711
829101,3419
829101,2279
829101,4591
829101,3599
829101,3597
829101,3604
829101,1086
829101,4555
829101,4554
829101,3601
829101,4528
829101,3720
829103,616
829103,1248
829103,708
829103,711
829103,3419
829103,2279
829103,4591
829103,3599
829103,3597
829103,3604
829103,1086
829103,4555
829103,4554
829103,3601
829103,4528
829103,3720
829104,708
829104,711
829104,3419
829104,2279
829104,4591
829104,3599
829104,3597
829104,3604
829104,3616
829104,3601
829104,4528
829104,3720
829106,3720
829106,4529
829106,3600
829106,3616
829106,3603
829106,3596
829106,3598
829106,4590
829106,2506
829106,3415
829106,2828
829106,707
829106,1819
829107,3720
829107,4529
829107,3600
829107,3603
829107,3596
829107,3598
829107,4590
829107,2506
829107,3415
829107,2828
829107,707
829108,3720
829108,4529
829108,3600
829108,3603
829108,3596
829108,3598
829108,4590
829108,2506
829108,3415
829108,2828
829108,707
829109,3601
829109,4529
829109,3600
829109,3603
829109,3596
829109,3598
829109,4590
829109,2506
829109,3415
829109,2828
829109,707
829109,1819
829110,616
829110,1248
829110,708
829110,711
829110,3419
829110,2279
829110,4591
829110,3599
829110,3597
829110,3604
829110,3616
829110,1086
829110,3632
829110,3621
829110,1092
829111,616
829111,1248
829111,708
829111,711
829111,3419
829111,2279
829111,4591
829111,3599
829111,3597
829111,3604
829111,1086
829115,616
829115,1248
829115,708
829115,711
829115,3419
829115,2279
829115,4591
829115,3599
829115,3597
829115,3604
829115,1086
829115,4555
829115,3629
829116,616
829116,1248
829116,708
829116,711
829116,3419
829116,2279
829116,4591
829116,3599
829116,3597
829116,3604
829116,1086
829116,4555
829116,3629
829117,616
829117,1248
829117,708
829117,711
829117,3419
829117,2279
829117,4591
829117,3599
829117,3597
829117,3604
829117,1086
829117,3632
829117,4254
829122,3628
829122,4554
829122,3617
829122,3603
829122,3596
829122,3598
829122,4590
829122,2506
829122,3415
829122,2828
829122,707
829122,1819
829126,4254
829126,3617
829126,3603
829126,3596
829126,3598
829126,4590
829126,2506
829126,3415
829126,2828
829126,707
829126,1819
829145,1573
829145,1501
829145,1580
829145,1533
829178,1573
829178,1501
829178,1387
829178,4685
829178,2817
829179,3421
829179,2275
829181,83
829181,2482
829181,73
829181,3467
829181,2839
829182,3977
829182,992
829182,1015
829182,1705
829183,153
829183,148
829183,1705
829184,153
829184,148
829184,1705
829186,83
829186,2482
829186,73
829186,3467
829186,2839
829186,3994
829187,2838
829187,3476
829187,74
829187,1025
829188,2838
829188,3476
829188,74
829188,1025
829190,378
829190,3890
829190,480
829190,2955
829190,3134
829191,3134
829191,481
829191,3891
829191,2341
829197,3134
829197,481
829197,3891
829197,2341
829199,3134
829199,481
829199,3891
829199,2341
829200,3134
829200,481
829200,3891
829200,2342
829203,3134
829204,3134
829229,2528
829229,2036
829229,353
829229,4284
829229,4286
829229,4291
829229,4301
829229,4276
829229,4275
829230,4288
829230,4300
829230,4754
829230,4285
829230,4283
829230,1217
829230,357
829230,2527
829231,334
829231,3812
829231,4400
829231,2665
829231,4280
829231,1934
829231,4278
829231,4754
829231,4287
829232,4291
829232,4277
829232,1933
829232,4279
829232,2666
829232,4401
829232,3813
829232,335
829234,334
829234,3812
829234,4400
829234,2665
829234,4280
829234,1934
829234,4278
829236,4277
829236,1933
829236,4279
829236,2666
829236,4401
829236,3813
829236,335
829242,616
829242,1248
829242,708
829242,711
829242,3419
829242,2279
829242,4591
829242,3599
829242,3597
829242,3604
829242,3601
829242,3664
829242,3635
829242,1079
829244,616
829244,1248
829244,708
829244,711
829244,3419
829244,2279
829244,4591
829244,3599
829244,3597
829244,3604
829244,3601
829244,3664
829244,3635
829245,708
829245,711
829245,3419
829245,2279
829245,4591
829245,3599
829245,3597
829245,3604
829245,3601
829245,3664
829245,3635
829247,1200
829247,3662
829247,3600
829247,3603
829247,3596
829247,3598
829247,4590
829247,2506
829247,3415
829247,2828
829247,707
829248,1202
829248,3615
829248,3665
829248,3600
829248,3603
829248,3596
829248,3598
829248,4590
829248,2506
829248,3415
829248,2828
829248,707
829248,1819
829249,1202
829249,3615
829249,3665
829249,3600
829249,3603
829249,3596
829249,3598
829249,4590
829249,2506
829249,3415
829249,2828
829249,707
829250,1202
829250,3615
829250,3665
829250,4529
829250,3600
829250,3603
829250,3596
829250,3598
829250,4590
829250,2506
829250,3415
829250,2828
829250,707
829250,1819
829264,4423
829264,3671
829264,3065
829264,1082
829270,1200
829270,3662
829270,3600
829270,3603
829270,3596
829270,3598
829270,4590
829270,2506
829270,3415
829270,2828
829270,707
829270,1819
829277,26
829277,5107
829283,3415
829283,2828
829283,707
829283,606
829283,603
829283,1900
829283,4892
829283,1289
829283,2029
829283,1313
829283,637
829283,668
829283,2172
829283,675
829285,469
829285,2905
829285,435
829285,1011
829286,576
829286,567
829287,582
829287,568
829287,575
829287,4892
829288,1160
829288,639
829288,3899
829288,1892
829288,604
829288,934
829288,568
829289,568
829289,1189
829289,935
829289,707
829289,613
829289,4652
829289,637
829289,644
829289,1329
829289,665
829303,2899
829303,51
829303,2274
829303,3415
829303,2828
829303,707
829303,603
829303,4892
829328,2274
829328,3415
829328,2828
829330,1188
829330,711
829330,3421
829330,2305
829331,1188
829331,711
829331,3421
829331,2305
829340,2172
829350,2172
829350,675
829351,637
829351,2172
829351,675
829352,469
829352,2905
829352,435
829352,1011
829353,1892
829353,603
829353,576
829353,567
829354,582
829354,568
829354,575
829354,4892
829354,874
829354,613
829356,1160
829356,639
829356,3899
829356,1892
829356,604
829356,934
829356,567
829357,568
829357,1189
829357,935
829357,707
829357,613
829357,4652
829357,637
829357,644
829357,1329
829357,665
829358,1160
829358,639
829358,3899
829358,1892
829358,604
829358,568
829358,1034
829358,1701
829359,1160
829359,639
829359,3899
829359,1892
829359,604
829359,934
829359,1034
829359,1701
829359,567
829360,1160
829360,639
829360,3899
829360,1892
829360,604
829360,2117
829360,568
829361,1160
829361,639
829361,3899
829361,1892
829361,604
829361,934
829361,2117
829361,567
829362,1034
829362,1701
829362,568
829362,1189
829362,935
829362,707
829362,613
829362,4652
829362,637
829362,644
829362,1329
829362,665
829363,1034
829363,1701
829363,568
829363,2117
829363,1189
829363,935
829363,707
829363,613
829363,4652
829363,637
829363,644
829363,1329
829363,665
829364,568
829364,2117
829364,935
829364,707
829364,613
829364,4652
829364,637
829364,644
829364,1329
829364,665
829366,1034
829366,1701
829366,935
829366,707
829366,613
829366,4652
829366,637
829366,644
829366,1329
829366,665
829367,568
829367,2117
829367,935
829367,707
829367,613
829367,4652
829367,637
829367,644
829367,1329
829367,665
829368,568
829368,572
829369,568
829370,639
829370,3899
829370,1892
829370,604
829370,934
829371,568
829371,1189
829371,935
829371,707
829371,613
829371,4652
829371,637
829371,644
829372,568
829372,1189
829372,935
829372,707
829372,613
829372,4652
829372,637
829372,644
829378,1248
829378,708
829378,711
829378,3421
829378,2305
829378,728
829380,1149
829380,251
829383,2884
829389,255
829417,2899
829417,55
829417,1945
829417,2274
829417,2304
829417,3415
829417,2828
829417,707
829418,3421
829418,2273
829418,2305
829418,1945
829418,2871
829419,2899
829419,55
829419,2274
829419,2304
829419,3415
829419,2828
829419,707
829419,626
829442,2884
829447,2899
829447,3422
829456,603
829456,1061
829456,2880
829457,2880
829457,553
829457,804
829457,637
829464,603
829464,1061
829464,554
829474,568
829475,707
829475,613
829488,1901
829488,604
829488,708
829488,711
829488,3421
829488,2305
829488,2871
829492,4652
829492,637
829492,668
829492,2172
829493,642
829493,636
829493,1312
829493,1176
829493,4517
829493,4893
829493,1901
829493,604
829493,605
829493,708
829493,711
829493,3421
829503,4570
829503,255
829503,261
829503,179
829503,3222
829503,188
829504,187
829504,3221
829504,180
829504,2884
829504,4809
829504,4571
829504,869
829508,2528
829508,481
829508,3891
829508,3933
829508,3182
829508,2855
829508,1174
829508,1142
829508,2172
829508,675
829508,5108
829509,5109
829509,212
829509,1306
829509,281
829509,1962
829509,3934
829509,3890
829509,480
829509,2527
829511,3422
829512,3900
829512,2527
829513,2528
829513,3901
829513,2855
829513,1174
829518,604
829518,708
829518,711
829518,3421
829518,2305
829518,2871
829524,3802
829524,2884
829524,3517
829524,508
829524,3103
829524,480
829524,2035
829525,3802
829525,2884
829525,3517
829525,508
829525,3103
829525,480
829525,2035
829526,642
829526,636
829526,1312
829526,1176
829526,4893
829526,1901
829526,604
829526,605
829526,708
829526,711
829526,3421
829532,2884
829532,4809
829536,255
829538,2274
829538,3415
829538,2828
829538,707
829538,613
829538,4652
829538,638
829539,639
829539,3899
829539,1248
829539,708
829539,711
829539,3421
829539,2305
829540,3421
829544,187
829544,3221
829544,180
829544,2884
829544,4809
829548,2274
829548,3415
829548,2828
829548,707
829548,613
829550,2855
829550,1174
829550,1142
829550,2172
829550,675
829550,5108
829551,5109
829553,2528
829553,481
829553,3891
829553,3933
829553,2855
829553,1174
829553,1142
829554,2528
829554,481
829555,2172
829555,675
829555,5108
829557,212
829557,1306
829557,281
829557,1962
829557,3934
829557,3890
829557,480
829557,2527
829559,3422
829561,1249
829561,27
829562,1249
829562,27
829566,255
829567,2884
829568,637
829568,666
829568,212
829568,195
829568,179
829569,180
829569,1142
829569,824
829569,638
829571,637
829571,666
829571,212
829571,195
829571,179
829572,180
829572,1142
829572,824
829572,638
829573,1573
829573,1501
829573,1580
829573,1419
829573,1471
829573,4899
829578,4685
829578,1534
829578,1418
829578,2031
829578,1897
829581,1573
829581,1501
829581,1580
829581,1419
829581,4897
829581,1628
829590,1542
829590,1418
829591,1751
829598,1573
829598,1501
829598,1580
829598,1524
829598,2031
829607,1573
829607,1501
829607,1580
829609,1534
829609,1581
829609,1502
829609,1572
829626,1897
829626,2034
829626,1417
829626,1533
829626,4684
829627,4685
829627,1534
829627,1418
829627,2031
829627,1495
829628,1897
829628,2034
829628,1417
829629,1897
829629,2034
829629,1417
829629,1533
829646,1532
829652,1629
829652,4896
829652,1420
829652,3521
829659,1897
829659,2034
829659,1417
829659,3521
829660,1897
829660,2034
829660,1417
829660,3521
829661,1897
829661,2034
829661,1417
829661,3521
829697,1398
829697,1541
829697,1581
829697,1502
829713,1092
829713,2255
829713,4660
829713,4566
829713,3608
829713,4432
829713,3415
829713,2828
829713,707
829713,603
829715,576
829715,567
829715,2113
829715,4255
829715,4566
829716,4566
829716,4256
829716,2113
829716,568
829716,575
829746,3218
829746,788
829746,216
829746,226
829746,240
829746,30
829746,305
829746,3900
829750,242
829750,217
829750,212
829750,3547
829751,1759
829751,1142
829751,216
829751,240
829752,3412
829752,1306
829752,2863
829752,3900
829752,2527
829759,977
829759,818
829759,4381
829760,666
829760,255
829760,271
829760,281
829760,403
829760,378
829761,2342
829761,1963
829761,3182
829761,2861
829761,1149
829761,4681
829761,1142
829761,824
829762,1901
829762,613
829762,3895
829764,284
829764,2861
829764,1149
829764,1865
829764,4681
829764,1142
829764,824
829764,639
829764,3895
829765,3891
829765,3139
829765,4878
829765,4880
829765,4876
829765,4875
829765,4874
829768,2274
829768,3415
829768,2828
829768,707
829768,1819
829768,1289
829768,2028
829768,884
829768,217
829768,212
829769,1142
829769,216
829769,228
829769,1176
829769,1178
829769,1248
829769,708
829769,711
829769,3421
829769,2305
829769,728
829770,884
829770,217
829770,115
829770,91
829771,94
829771,1125
829771,3762
829771,216
829772,1125
829772,114
829772,211
829773,1239
829773,281
829773,403
829773,2341
829773,1816
829773,4878
829773,4880
829773,4876
829773,4875
829773,4874
829774,4892
829774,2028
829774,215
829775,214
829775,1176
829775,4893
829776,217
829776,2479
829776,115
829777,114
829777,788
829777,216
829778,2816
829778,952
829778,1782
829778,4894
829778,3517
829779,378
829782,396
829782,3890
829782,304
829782,2855
829785,1151
829785,305
829785,3891
829787,864
829787,3901
829787,1142
829788,2884
829788,271
829788,281
829790,864
829790,1142
829793,16
829793,198
829793,3547
829793,2884
829793,1151
829793,494
829793,3518
829794,3514
829794,1154
829794,255
829794,1759
829794,15
829796,1151
829796,494
829796,2815
829796,3518
829800,3802
829800,2884
829800,3517
829800,508
829806,788
829806,216
829806,226
829806,240
829806,30
829806,305
829806,3900
829808,304
829808,2531
829808,884
829808,217
829810,788
829811,216
829811,226
829811,240
829811,30
829811,305
829811,3900
829812,3901
829812,304
829812,2531
829812,884
829812,217
829816,3901
829816,281
829820,242
829820,217
829820,212
829820,3547
829820,251
829821,212
829821,3547
829822,1759
829822,1142
829822,216
829822,240
829823,1759
829823,1142
829823,216
829823,240
829824,251
829824,1759
829824,1142
829824,216
829824,240
829828,2919
829828,2528
829828,3901
829830,3131
829831,1306
829831,2863
829831,3900
829831,2527
829842,1249
829842,3134
829844,788
829844,216
829844,240
829845,1125
829845,788
829845,216
829845,240
829845,1330
829845,3517
829845,508
829860,255
829860,261
829860,179
829860,3222
829860,188
829861,977
829861,818
829861,4381
829862,818
829862,4381
829864,494
829865,2899
829865,51
829865,2274
829865,3415
829865,2828
829865,707
829869,281
829869,403
829869,378
829871,3895
829872,1901
829872,613
829876,812
829876,403
829877,666
829877,212
829877,255
829877,271
829877,2863
829878,284
829878,2861
829878,1149
829878,1865
829878,4681
829878,1142
829878,824
829878,639
829879,4876
829879,4875
829879,4874
829879,4878
829879,864
829884,1142
829884,1176
829884,613
829887,94
829887,1125
829887,3762
829887,216
829888,884
829888,217
829888,115
829888,91
829891,94
829891,1125
829891,3762
829891,226
829892,799
829892,94
829892,1125
829892,3762
829892,216
829893,799
829893,94
829893,1125
829893,3762
829894,884
829894,217
829894,115
829894,91
829894,3136
829895,884
829895,217
829895,115
829895,91
829895,3136
829898,94
829898,1125
829898,3762
829900,211
829903,927
829904,1239
829904,281
829904,403
829904,2341
829904,1816
829904,4878
829904,4880
829905,4876
829905,4875
829905,4878
829905,1817
829905,2342
829905,1963
829905,2855
829907,3884
829907,3415
829907,2828
829907,707
829911,217
829911,2479
829911,115
829913,216
829914,114
829914,788
829914,216
829926,480
829926,2035
829926,350
829928,539
829928,527
829942,3134
829942,481
829942,3891
829942,2341
829943,378
829943,3890
829944,480
829944,2035
829944,350
829944,2010
829948,242
829948,255
829948,271
829948,281
829948,3782
829948,378
829949,242
829949,255
829949,271
829949,281
829949,378
829950,255
829950,271
829950,281
829957,16
829957,198
829957,3547
829957,2884
829957,1151
829957,494
829957,3518
829957,3102
829959,3901
829959,304
829959,2531
829959,884
829959,217
829959,2479
829959,3217
829961,1548
829961,1420
829961,3521
829961,1541
829962,1542
829962,3523
829962,1418
829962,2031
829962,1495
829963,1897
829963,2034
829963,1417
829963,3521
829963,1541
829968,1680
829968,4250
829968,1614
829968,2817
829968,1496
829968,1604
830018,2033
830018,1472
830018,4899
830103,1603
830103,1497
830103,2818
830104,2033
830104,1628
830135,3523
830135,1419
830135,4897
830135,1628
830170,639
830170,3899
830172,4652
830172,1819
830172,1330
830172,3517
830172,508
830172,3102
830172,3514
830172,1154
830172,255
830172,1759
830172,15
830174,2528
830174,3901
830174,2855
830174,1174
830174,3416
830174,116
830175,553
830175,4892
830175,1330
830175,3517
830175,508
830175,3103
830175,480
830175,2527
830176,2528
830176,481
830176,3103
830176,509
830176,3526
830176,546
830176,4895
830176,554
830181,2880
830181,553
830181,4892
830181,1330
830181,3517
830181,508
830181,3105
830181,3514
830181,545
830181,242
830181,212
830181,129
830181,1251
830182,3008
830182,891
830182,1138
830182,211
830182,240
830182,3105
830182,509
830182,3526
830182,546
830182,4895
830182,554
830182,2880
830183,378
830183,864
830183,327
830183,2816
830183,546
830183,4893
830183,1901
830183,604
830183,711
830183,3421
830183,2305
830184,2274
830184,3415
830184,2828
830184,603
830184,4892
830184,1330
830184,2815
830184,3891
830184,2342
830187,3008
830187,891
830187,1138
830187,3412
830187,211
830187,240
830187,3518
830187,3104
830187,509
830187,3526
830187,546
830187,27
830188,26
830188,1330
830188,3517
830188,508
830188,3104
830188,3514
830188,242
830188,212
830188,2579
830188,3416
830188,1251
830188,2999
830189,3526
830189,546
830189,1248
830189,711
830189,3420
830190,3415
830190,2828
830190,1819
830190,1330
830190,3517
830191,4570
830191,255
830193,2899
830193,55
830193,1945
830193,2274
830193,2304
830193,3415
830193,2828
830193,707
830193,603
830193,4892
830193,1330
830193,3517
830193,508
830193,3102
830193,3514
830193,2861
830193,1149
830193,251
830194,2884
830194,271
830194,2863
830194,3518
830194,3102
830194,509
830194,3526
830194,2953
830194,546
830194,4893
830194,604
830194,708
830194,711
830194,3421
830194,2273
830194,2305
830194,1945
830194,2871
830204,509
830204,3526
830204,546
830204,613
830204,3895
830207,509
830207,3526
830207,546
830207,613
830207,637
830208,546
830208,613
830208,637
830209,3526
830209,546
830209,613
830209,637
830210,1266
830210,3412
830210,1306
830210,2863
830210,3900
830210,2527
830213,553
830213,4892
830213,1330
830213,3517
830213,508
830215,2528
830215,481
830215,3103
830215,509
830215,3526
830215,546
830215,4895
830215,554
830240,2880
830240,553
830240,4892
830240,1330
830240,3517
830240,508
830244,546
830244,4895
830244,554
830244,2880
830249,2274
830249,3415
830249,2828
830249,603
830249,4892
830249,1330
830249,2815
830252,603
830252,4892
830252,1330
830252,2815
830252,3891
830252,396
830252,2342
830261,509
830261,3526
830261,546
830261,27
830263,26
830263,1330
830263,3517
830263,508
830263,3104
830263,3514
830263,545
830263,242
830263,212
830263,2579
830263,3416
830264,26
830264,1330
830264,3517
830264,508
830267,3526
830267,546
830267,1248
830267,711
830267,3420
830268,3415
830268,2828
830268,1819
830268,1330
830268,3517
830269,1819
830269,1330
830269,3517
830270,1819
830270,1330
830271,3526
830271,546
830271,613
830277,613
830278,4626
830278,4570
830278,255
830280,255
830283,2899
830283,55
830283,1945
830283,2274
830283,2304
830283,3415
830283,2828
830283,707
830283,603
830283,4892
830283,1330
830283,3517
830283,508
830285,509
830285,3526
830285,2953
830285,546
830285,4893
830286,4628
830292,3899
830292,604
830292,708
830292,711
830292,3421
830292,2305
830292,2871
830293,642
830293,636
830293,1312
830293,1176
830293,4517
830294,3415
830294,2828
830294,707
830294,606
830294,603
830294,1900
830294,4892
830294,1289
830294,2029
830294,1313
830294,637
830294,668
830295,642
830295,636
830295,1312
830295,1176
830295,4517
830295,4893
830295,1901
830295,604
830295,605
830295,708
830295,711
830295,3421
830300,4894
830300,3517
830300,3573
830307,242
830307,255
830307,261
830307,179
830307,3800
830308,518
830308,436
830308,3134
830309,526
830309,538
830310,526
830310,538
830310,3272
830311,526
830311,538
830316,3893
830316,481
830316,3526
830316,4895
830316,554
830319,2528
830319,481
830319,3526
830319,4895
830321,2528
830321,481
830321,3526
830321,4895
830321,1795
830321,554
830323,554
830327,4894
830327,4570
830327,255
830328,2884
830328,4571
830328,869
830328,4626
830328,4893
830329,603
830332,16
830332,198
830332,3547
830332,2884
830332,1151
830332,494
830332,3518
830332,3102
830332,509
830332,3526
830332,546
830332,613
830332,3895
830335,3526
830335,2816
830335,4570
830335,255
830336,4876
830336,4875
830336,4874
830336,4878
830336,864
830336,3512
830338,212
830338,115
830338,1025
830339,4652
830339,637
830339,666
830339,212
830339,255
830339,271
830339,2863
830340,115
830340,1139
830340,981
830340,799
830340,1025
830341,91
830341,798
830341,994
830342,637
830344,553
830344,4892
830345,4652
830345,637
830347,2528
830347,3901
830347,2855
830347,1174
830350,396
830350,3890
830350,304
830350,2855
830350,255
830350,1759
830350,3416
830352,3801
830355,3514
830355,545
830355,242
830355,212
830355,2579
830355,3416
830355,1251
830355,2999
830357,1759
830357,1142
830358,2861
830358,4706
830358,1149
830358,251
830359,4681
830359,1142
830360,1142
830361,4652
830362,2274
830362,3415
830362,2828
830362,603
830362,4892
830362,1330
830362,2815
830365,2342
830365,2861
830365,1149
830365,4681
830368,1125
830368,114
830370,4652
830370,637
830386,1531
830386,1408
830386,1542
830386,3523
830386,1418
830386,2031
830386,1495
830392,4700
830392,3537
830392,638
830392,4646
830393,4647
830393,636
830393,3536
830393,4699
830400,4681
830400,4571
830400,869
830403,647
830403,639
830403,3899
830403,1248
830403,708
830403,711
830403,3421
830403,2305
830404,2274
830404,3415
830404,2828
830404,707
830404,613
830404,4652
830404,638
830404,700
830410,638
830411,637
830414,4681
830417,647
830417,639
830417,3899
830417,1248
830417,708
830417,711
830417,3421
830417,2305
830418,647
830418,637
830419,638
830419,700
830420,2342
830420,1963
830420,3182
830420,2861
830420,1149
830420,4681
830420,1142
830420,824
830427,1901
830427,604
830427,708
830427,711
830427,3422
830427,4431
830427,4523
830427,3641
830427,4254
830428,1093
830428,4254
830428,4566
830428,3608
830428,4432
830428,3415
830428,2828
830428,707
830428,603
830430,1093
830430,4254
830430,4566
830430,3608
830430,4432
830430,3415
830431,4254
830431,4566
830431,3608
830431,4432
830431,3415
830431,2828
830431,707
830431,603
830432,1093
830432,4254
830432,4566
830432,3608
830432,4432
830432,3415
830432,2828
830432,707
830432,603
830433,4254
830433,4566
830433,3608
830433,4432
830433,3415
830433,2828
830433,707
830433,603
830434,1093
830434,4254
830434,4566
830434,3608
830434,4432
830434,3415
830434,2828
830434,707
830434,603
830435,3420
830435,2782
830435,3641
830435,4254
830436,3420
830436,2782
830436,3641
830436,3621
830436,1092
830437,4254
830437,2934
830437,2781
830437,3415
830438,1093
830438,4254
830438,2934
830438,2781
830438,3415
830439,604
830439,708
830439,711
830439,3422
830439,4431
830439,4523
830439,3641
830439,3621
830439,1092
830441,3600
830441,1086
830441,3618
830441,4254
830441,4566
830441,4256
830441,2113
830441,568
830441,575
830442,3600
830442,1086
830442,3632
830442,4254
830442,4566
830445,575
830445,2028
830445,1330
830445,3517
830445,3105
830445,927
830446,509
830446,3526
830446,2953
830446,841
830446,2029
830446,1313
830446,1248
830446,2594
830446,934
830447,935
830447,707
830447,611
830447,1819
830447,1312
830447,2028
830447,1330
830447,3517
830447,508
830447,3102
830448,509
830448,3526
830448,841
830448,2029
830448,1313
830448,637
830448,3833
830449,1312
830449,2028
830449,3517
830449,508
830449,3102
830450,1230
830450,3415
830450,2828
830450,707
830450,1819
830450,1312
830450,2028
830450,1330
830450,3517
830450,508
830450,3107
830450,3514
830450,2816
830450,1154
830450,281
830451,1151
830451,494
830451,2815
830451,3518
830451,3102
830451,509
830451,3526
830451,841
830451,2029
830451,1313
830451,1248
830451,708
830451,711
830451,3422
830452,1233
830452,3105
830452,509
830452,3526
830452,841
830452,1176
830452,804
830453,575
830453,2028
830453,1330
830453,3517
830453,3105
830455,2028
830455,1330
830455,3517
830455,3105
830457,2855
830458,509
830458,3526
830458,841
830458,2029
830458,1313
830458,637
830459,1312
830459,2028
830459,3517
830459,508
830459,3102
830460,509
830460,3526
830460,841
830460,2029
830460,1313
830460,637
830462,1230
830462,3415
830462,2828
830462,707
830462,1819
830462,1312
830462,2028
830462,1330
830462,3517
830462,508
830464,1233
830464,3105
830464,509
830464,3526
830464,841
830464,1176
830464,804
830464,576
830464,567
830500,1573
830500,1501
830500,1387
830500,4685
830500,1524
830500,2031
830507,4685
830507,1534
830507,1418
830507,2031
830541,539
830541,4664
830541,838
830542,33
830542,4663
830542,538
830543,539
830543,4664
830543,838
830544,33
830544,4663
830544,538
830562,3523
830562,1419
830562,4899
830567,4896
830567,1473
830591,1680
830591,4250
830591,1614
830591,2817
830591,1496
830591,1604
830592,1496
830592,1604
830618,2033
830618,1628
830660,1531
830660,1408
830660,1542
830660,3523
830660,1419
830660,1547
830660,2536
830672,3412
830672,3547
830672,2884
830672,1151
830672,305
830672,3891
830672,1002
830674,3802
830674,2884
830674,3517
830674,508
830674,3103
830674,480
830674,2035
830685,1230
830685,3415
830685,2828
830685,707
830685,1819
830685,1312
830685,2028
830685,1330
830685,3517
830685,508
830685,3107
830685,3514
830685,2816
830685,1154
830685,281
830698,788
830698,3412
830698,3547
830698,2884
830698,1151
830698,305
830698,3891
830698,1002
830699,1151
830699,305
830699,3891
830699,1002
830700,3412
830700,3547
830700,2884
830700,1151
830700,305
830700,3891
830700,1002
830701,1151
830701,305
830701,3891
830702,1215
830702,481
830703,480
830703,2035
830704,1002
830706,1215
830706,481
830707,1215
830707,481
830710,1215
830710,481
830710,3104
830710,509
830710,3526
830710,255
830710,3801
830711,1396
830711,1750
830717,1629
830717,1709
830717,2034
830717,1417
830717,1533
830717,2817
830717,1496
830717,1604
830718,1407
830718,1532
830718,2818
830718,4684
830718,1679
830718,1502
830718,1572
830719,1897
830719,2034
830719,1417
830719,1533
830719,4684
830720,1398
830720,1541
830720,1581
830720,1502
830721,1629
830721,4896
830721,1420
830721,1581
830721,1502
830721,1572
830728,4898
830728,1420
830728,3521
830729,4898
830729,1420
830729,3521
830730,1750
830734,1897
830736,1680
830736,4250
830736,1614
830736,2817
830737,1396
830737,2034
830737,1417
830737,3521
830737,1397
830746,1376
830746,1542
830747,1897
830750,1495
830754,1750
830755,1532
830755,2818
830755,4684
830755,1679
830755,1502
830755,1572
830756,1407
830756,1532
830756,2818
830757,2818
830757,4684
830757,1679
830757,1502
830757,1572
830759,2034
830759,1417
830759,1533
830759,4684
830760,1534
830760,1418
830760,2031
830760,1897
830761,1501
830761,1580
830761,1544
830762,1629
830762,4896
830762,1420
830762,3521
830768,1680
830768,1396
830768,4898
830768,1547
830768,3524
830768,2820
830769,1680
830771,1868
830774,1680
830776,1868
830780,2011
830780,4400
830780,348
830780,1215
830780,481
830781,378
830781,3890
830781,480
830781,2955
830781,3134
830782,378
830782,3890
830782,480
830782,2955
830782,3134
830783,378
830783,3890
830783,480
830783,2955
830783,3134
830784,378
830784,3890
830784,480
830784,2955
830784,3134
830799,1215
830799,481
830869,824
830869,1164
830869,5124
830870,1163
830870,666
830883,242
830883,255
830883,271
830883,281
830883,3782
830883,378
830883,1153
830884,242
830884,255
830884,271
830884,281
830884,378
830887,3517
830887,3518
830887,1218
830887,3894
830887,4138
830887,4123
830888,4125
830888,4137
830888,4122
830888,3906
830888,3514
830888,3519
830889,3517
830889,3518
830889,1218
830889,3894
830889,4138
830889,4123
830889,4375
830890,4376
830890,4125
830890,4137
830890,4122
830890,3906
830890,3514
830890,3519
830891,4125
830891,4137
830891,4122
830892,3517
830892,3518
830892,1218
830892,3894
830892,4138
830892,4123
830893,553
830893,4894
830893,5123
830893,3517
830893,480
830893,2527
830894,2330
830894,2528
830894,481
830894,3526
830894,4895
830894,554
830895,3517
830895,3518
830895,1218
830895,3894
830895,4138
830895,4123
830895,4375
830896,2330
830896,2528
830896,481
830896,3526
830896,4895
830896,554
830899,553
830899,4894
830899,5123
830899,3517
830899,480
830899,2527
830900,553
830900,4894
830900,5123
830900,3517
830900,480
830900,3894
830902,553
830902,4894
830902,5123
830902,3517
830902,480
830902,3894
830904,4894
830904,5123
830904,3517
830904,480
830904,3894
830905,1963
830905,2863
830905,316
830905,3518
830905,3892
830905,1249
830905,3134
830906,3134
830906,5107
830906,3514
830906,317
830906,281
830906,403
830907,1963
830907,2863
830907,316
830907,3518
830907,3892
830907,1249
830907,3134
830908,4706
830908,1963
830908,2863
830908,316
830908,3518
830908,3892
830908,1249
830908,3134
830909,4706
830909,1963
830909,2863
830909,316
830909,3518
830909,3892
830909,1249
830909,3134
830912,3134
830912,5107
830912,3514
830912,317
830912,281
830912,403
830912,3256
830913,3134
830913,5107
830913,3514
830913,317
830913,281
830913,403
830913,4706
830914,3134
830914,5107
830914,3514
830914,317
830914,281
830914,403
830914,4706
830914,3256
830917,469
830917,5107
830917,3514
830917,317
830917,281
830917,403
830917,3256
830919,469
830919,5107
830919,3514
830919,317
830919,281
830919,403
830919,4706
830919,3256
830920,2955
830920,3134
830924,187
830924,3221
830924,180
830924,2884
830924,4809
830924,4571
830924,869
830924,5123
830925,3933
830925,2863
830925,316
830925,2816
830925,613
830925,3895
830926,3899
830926,1819
830926,2815
830926,317
830926,281
830926,3934
830927,4652
830927,636
830927,818
830927,242
830927,255
830927,271
830928,1149
830928,4681
830928,240
830928,1782
830928,639
830928,3899
830929,637
830929,815
830929,242
830929,255
830930,2884
830930,240
830930,814
830930,636
830931,636
830931,818
830931,3517
830931,508
830931,3106
830931,3514
830931,396
830932,864
830932,3890
830932,3518
830932,3106
830932,509
830932,3526
830932,2816
830932,545
830932,1782
830932,638
830933,636
830933,818
830933,3517
830933,508
830933,3106
830933,3514
830933,1000
830933,2342
830934,864
830934,3890
830934,3518
830934,3106
830934,509
830934,2816
830934,545
830934,1782
830934,638
830935,637
830935,650
830935,965
830935,1330
830935,3517
830935,480
830936,481
830936,3526
830936,814
830936,638
830937,1125
830937,788
830937,216
830937,240
830937,1330
830937,3517
830937,508
830937,3107
830937,3892
830937,1249
830937,3134
830938,469
830938,5107
830938,3906
830938,3104
830938,3526
830938,547
830938,242
830938,217
830938,2479
830939,26
830939,5125
830939,3906
830939,319
830939,2855
830939,255
830940,2884
830940,1151
830940,318
830940,3892
830940,27
830941,26
830941,5107
830941,3906
830941,319
830941,2855
830941,255
830942,2884
830942,1306
830942,1151
830942,318
830942,3892
830942,1249
830942,27
830943,1160
830943,824
830943,651
830943,3517
830943,508
830943,3106
830943,3514
830943,3901
830944,3890
830944,3518
830944,3106
830944,509
830944,3526
830944,2816
830944,545
830944,650
830944,665
830945,636
830945,818
830945,964
830945,4381
830945,493
830945,494
830945,3900
830946,3901
830946,952
830946,815
830946,1782
830946,638
830947,637
830947,1165
830947,668
830947,2172
830947,675
830947,5110
830948,667
830948,636
830949,3899
830949,1819
830949,2815
830949,317
830949,281
830949,3934
830950,3899
830950,1819
830950,2815
830950,317
830950,281
830950,3934
830951,3933
830951,2863
830951,316
830951,2816
830951,613
830951,3895
830952,3899
830952,1819
830952,2815
830952,317
830952,281
830952,3934
830954,3933
830954,2863
830954,316
830954,2816
830954,613
830954,4652
830955,3899
830955,1819
830955,2815
830955,317
830955,281
830955,3934
830960,4652
830960,636
830960,818
830960,242
830960,255
830960,271
830960,4706
830962,636
830962,818
830962,242
830962,255
830962,271
830963,636
830963,818
830963,242
830963,255
830963,271
830964,1149
830964,4681
830964,240
830964,1782
830967,815
830967,242
830967,255
830968,2884
830968,240
830968,1165
830969,3901
830969,315
830969,1782
830970,636
830970,818
830970,3517
830970,508
830970,3106
830971,636
830971,818
830971,3517
830971,508
830971,3106
830971,3514
830972,509
830972,3526
830972,2816
830972,545
830972,1782
830972,638
830973,864
830973,3890
830973,3518
830973,3106
830973,509
830973,3526
830973,2816
830973,545
830973,1782
830973,638
830974,509
830974,3526
830974,2816
830974,545
830974,1782
830974,638
830975,2815
830975,3891
830975,396
830975,2342
830976,378
830976,864
830976,327
830976,2816
830977,636
830977,818
830977,3517
830977,508
830977,3106
830977,3514
830980,864
830980,3890
830980,3518
830980,3106
830980,509
830980,3526
830980,2816
830980,545
830980,1782
830980,638
830981,481
830981,3526
830981,814
830981,638
830983,650
830983,965
830983,1330
830983,3517
830983,480
830984,481
830984,3526
830984,814
830988,3892
830988,1249
830988,3134
830989,1125
830989,788
830989,216
830989,240
830989,1330
830989,3517
830989,508
830989,3107
830989,3892
830989,1249
830989,3134
830990,469
830990,5107
830990,3906
830990,3104
830990,3526
830990,547
830990,242
830990,217
830991,3906
830991,3104
830991,3526
830991,547
830991,242
830991,217
830991,2479
830992,3134
830992,5107
830992,3906
830992,509
830992,3526
830992,547
830993,3134
830993,5107
830993,3906
830993,3104
830993,3526
830993,547
830993,242
830993,217
830993,2479
830995,3891
830995,3139
830995,4878
830995,4880
830996,3891
830996,3139
830996,4878
830996,4880
830996,4876
830996,4875
830996,4874
830996,4880
830997,1330
830997,5123
830998,4876
830998,4875
830998,4874
830998,4878
830998,864
830998,3890
830998,3526
830999,1176
830999,4893
831000,4892
831000,2028
831001,977
831001,1871
831001,1782
831002,1151
831002,318
831002,3892
831002,27
831003,3892
831003,27
831004,26
831004,5125
831004,3906
831004,319
831004,2855
831004,255
831005,26
831005,5125
831005,3906
831005,319
831005,2855
831005,255
831006,26
831006,5125
831006,3906
831006,319
831008,26
831008,5125
831008,3906
831008,319
831009,1151
831009,318
831009,3892
831009,1249
831009,27
831010,26
831010,5107
831010,3906
831010,319
831010,2855
831010,255
831011,26
831011,5107
831011,3906
831011,319
831012,1160
831012,824
831012,651
831012,3517
831012,508
831012,3106
831012,3514
831012,3901
831014,1160
831014,824
831014,651
831014,3517
831014,508
831014,3106
831014,3514
831014,3901
831016,1160
831016,824
831016,651
831016,3517
831016,508
831017,3890
831017,3518
831017,3106
831017,509
831017,3526
831017,2816
831017,545
831017,650
831017,665
831018,4681
831018,4571
831018,869
831018,5123
831018,3517
831019,4681
831019,4571
831019,869
831019,5123
831019,3517
831020,1233
831020,3105
831020,509
831020,3526
831020,547
831021,509
831021,3526
831021,547
831023,3901
831023,952
831023,815
831023,1782
831023,638
831024,636
831024,818
831024,964
831024,4381
831024,493
831024,494
831024,3900
831025,3901
831025,952
831025,815
831025,1782
831025,638
831029,509
831029,3526
831030,952
831031,818
831031,964
831031,4381
831032,1138
831032,3412
831032,211
831032,240
831033,26
831033,1330
831033,3517
831033,545
831033,543
831034,2528
831034,481
831034,509
831034,3526
831034,547
831035,509
831035,3526
831035,547
831036,637
831036,668
831037,667
831037,636
831038,636
831039,636
831041,94
831041,1125
831041,3762
831041,216
831041,226
831041,952
831042,242
831042,884
831042,217
831042,115
831042,91
831043,242
831043,884
831043,217
831043,115
831043,91
831043,3136
831044,1142
831045,884
831045,217
831045,212
831046,1176
831046,1178
831046,1248
831046,708
831046,711
831046,3421
831046,2305
831046,728
831047,1125
831047,114
831047,211
831047,952
831048,242
831048,212
831048,115
831048,1025
831049,242
831049,212
831049,115
831049,1025
831050,114
831050,788
831050,216
831050,952
831050,1782
831051,114
831051,788
831051,216
831051,952
831051,1782
831053,818
831053,242
831053,217
831053,2479
831053,115
831054,2816
831054,952
831054,1782
831056,4876
831056,4875
831056,4874
831056,4878
831056,864
831056,3890
831056,3526
831057,575
831057,595
831058,575
831058,555
831058,4892
831059,575
831060,596
831060,575
831060,555
831060,4892
831061,575
831061,1034
831061,1701
831061,595
831062,596
831062,1034
831062,1701
831062,575
831062,555
831062,4892
831063,575
831063,555
831063,4892
831063,613
831064,596
831064,575
831064,555
831064,4892
831064,613
831065,1409
831065,1542
831065,3523
831065,1419
831065,1547
831065,2536
831070,1398
831070,3522
831070,1418
831070,2031
831070,1868
831080,1548
831080,1420
831080,3521
831081,1548
831081,1420
831081,1533
831082,1573
831082,1501
831082,1580
831085,1407
831085,1532
831086,1897
831086,2032
831086,4250
831086,2817
831114,1897
831114,2032
831114,4250
831114,2817
831120,1534
831120,1419
831120,1547
831120,2536
831129,1398
831129,3522
831129,1418
831129,2031
831131,1629
831131,1709
831135,1629
831135,1709
831135,2031
831137,4685
831143,1531
831147,1497
831147,1531
831147,1408
831147,1542
831147,1579
831147,1396
831151,378
831151,3890
831151,480
831151,2955
831151,3134
831192,1420
831192,1581
831192,1502
831192,1572
831197,1573
831197,1501
831197,1580
831197,1524
831197,2031
831200,1542
831201,1548
831201,1420
831201,3521
831212,1573
831212,1501
831212,1580
831212,2742
831218,1396
831218,2034
831218,1417
831218,1533
831218,2817
831218,1496
831218,1604
831268,3421
831268,728
831268,3244
831268,3720
831268,4596
831268,3669
831268,3706
831268,3709
831268,1081
831268,3064
831268,3672
831268,4422
831269,4423
831269,3671
831269,3065
831269,1082
831269,3707
831269,3670
831269,4597
831269,3720
831269,727
831269,3415
831270,1901
831270,604
831270,708
831270,711
831270,3422
831270,4431
831270,4523
831270,3641
831270,3621
831270,1092
831271,1093
831271,4254
831271,4566
831271,3608
831271,4432
831271,3415
831271,2828
831271,707
831271,603
831272,3420
831272,2782
831272,4566
831272,4256
831272,2115
831273,1901
831273,604
831273,708
831273,711
831273,3422
831273,4431
831273,4523
831273,3641
831273,3027
831273,4659
831273,2254
831274,616
831274,1248
831274,708
831274,711
831274,3419
831274,2279
831274,4591
831274,3599
831274,3597
831274,3604
831274,3601
831274,3663
831274,1083
831275,576
831275,567
831275,2113
831275,4255
831275,3641
831275,4254
831275,3619
831275,1085
831275,3600
831276,3598
831276,4590
831276,2506
831276,3421
831276,2305
831276,2871
831276,3652
831276,3646
831276,3036
831276,1979
831276,3669
831276,1702
831276,3706
831276,3588
831276,3666
831276,3722
831277,3667
831277,3707
831277,1703
831277,3668
831277,1731
831277,3037
831277,3647
831277,3653
831277,2899
831277,2274
831277,3419
831277,4591
831277,3599
831278,616
831278,1248
831278,708
831278,711
831278,3419
831278,2279
831278,4591
831278,3599
831278,3597
831278,3604
831278,3601
831278,4528
831278,3720
831279,4423
831279,3671
831279,3065
831279,1082
831279,3707
831279,3670
831279,4597
831279,3720
831279,4529
831279,727
831279,3415
831280,3421
831280,728
831280,3244
831280,4596
831280,3669
831280,1702
831280,3706
831280,3709
831280,1081
831280,3064
831280,3672
831280,4422
831281,3421
831281,728
831281,3720
831281,4596
831281,3668
831281,1979
831281,3669
831281,3706
831281,3709
831281,1081
831281,3064
831281,3672
831281,4422
831282,3421
831282,728
831282,4596
831282,3668
831282,1979
831282,3669
831282,3706
831285,3421
831285,728
831285,4596
831285,3668
831285,1979
831285,3669
831285,3706
831285,3709
831285,1081
831285,3064
831285,3672
831285,4422
831287,4423
831287,3671
831287,3065
831287,1082
831287,3707
831287,3668
831287,1979
831287,3670
831287,4597
831287,3720
831287,727
831287,3415
831289,3720
831289,3245
831289,727
831289,3415
831292,1901
831292,604
831292,708
831292,711
831292,3422
831292,4431
831292,4523
831292,4566
831296,3420
831296,2782
831296,4566
831296,2115
831298,1901
831298,604
831298,708
831298,711
831298,3422
831298,4431
831298,4523
831298,3641
831298,3027
831298,4659
831298,2254
831300,708
831300,711
831300,3419
831300,2279
831300,4591
831300,3599
831300,3597
831300,3604
831300,3601
831300,3663
831300,1083
831302,3421
831302,2305
831302,2871
831302,3652
831302,3646
831302,3036
831302,1979
831302,3669
831302,1702
831302,3706
831302,3588
831302,3666
831302,3722
831303,3667
831303,3707
831303,1703
831303,3668
831303,1731
831303,3037
831303,3647
831303,3653
831303,2899
831303,2274
831303,3415
831304,3421
831304,2305
831304,2871
831304,3652
831304,3646
831304,3645
831304,3722
831305,3721
831305,3644
831305,3036
831305,1731
831305,3037
831305,3647
831305,3653
831305,2899
831305,2274
831305,3415
831306,3667
831306,3586
831307,3721
831307,3644
831307,3036
831307,1731
831307,3037
831307,3647
831307,3653
831307,2899
831307,2274
831307,3419
831307,4591
831307,3599
831309,3598
831309,4590
831309,2506
831309,3421
831309,2305
831309,2871
831309,3652
831309,3646
831309,3036
831309,1731
831309,3037
831309,3645
831309,3722
831310,3617
831310,3603
831310,3596
831310,3598
831310,4590
831310,2506
831310,3415
831310,2828
831310,707
831310,1819
831328,4423
831328,3671
831328,3065
831328,1082
831328,3707
831328,3668
831328,1979
831328,3670
831328,4597
831328,3720
831328,727
831328,3415
831329,4423
831329,3671
831329,3065
831329,1082
831329,3707
831329,3668
831329,1979
831329,3670
831329,4597
831329,727
831329,3415
831330,3720
831330,3245
831330,727
831330,3415
831334,1603
831334,1497
831334,2818
831334,1534
831334,1418
831334,2033
831334,1628
831337,4896
831337,1470
831337,1420
831337,3521
831337,2820
831338,1542
831338,1419
831338,4899
831339,4896
831339,1470
831339,1420
831339,1581
831339,1502
831339,1572
831341,1573
831341,1501
831341,1387
831341,4685
831341,2817
831341,1531
831341,1408
831342,1497
831342,2818
831342,1524
831342,2031
831342,1897
831343,1573
831343,1501
831343,1580
831343,1419
831343,1547
831343,2536
831371,1573
831371,1501
831371,1580
831372,1573
831372,1501
831372,1580
831373,1573
831373,1501
831373,1580
831374,1581
831374,1502
831374,1572
831400,1750
831408,2033
831408,1472
831408,4899
831417,4250
831417,1543
831423,1534
831423,1581
831423,1502
831423,1572
831451,1581
831451,1502
831451,1572
831461,1497
831461,2818
831461,1524
831461,2031
831461,1495
831463,1897
831463,2032
831463,4250
831463,2817
831478,1581
831478,1502
831478,1572
831480,1534
831480,1581
831480,1502
831480,1572
831489,1419
831489,1547
831489,2536
831490,3523
831490,1419
831490,1547
831490,2536
831496,1542
831496,3523
831496,1418
831496,2031
831496,1897
831498,1897
831498,2034
831498,1417
831498,3521
831498,1541
831498,1375
831524,1501
831524,1580
831524,1544
831524,1397
831527,1541
831527,1581
831527,1502
831536,1581
831536,1502
831536,1572
831552,1680
831552,1578
831552,1544
831552,1397
831552,1457
831556,1680
831556,1578
831556,1544
831556,1407
831556,1532
831558,1398
831558,3522
831558,1419
831558,1471
831558,4899
831559,1398
831559,1581
831559,1502
831559,1572
831561,1398
831561,1419
831561,1547
831561,2536
831564,1398
831564,1541
831566,1398
831566,3522
831566,1419
831566,1547
831566,2536
831567,1398
831567,1541
831570,1398
831570,2820
831570,1524
831570,2031
831570,1495
831573,1398
831574,1457
831575,1398
831575,3522
831575,1418
831575,2031
831575,1868
831576,1396
831576,2034
831576,1417
831576,3521
831576,1397
831576,1457
831577,1397
831577,1457
831578,1629
831578,1709
831578,2034
831578,1417
831578,3521
831578,1397
831579,1398
831581,1398
831581,3522
831581,1418
831581,2033
831581,1628
831584,1398
831584,2741
831584,1581
831584,1502
831584,1572
831585,1398
831585,1541
831586,1680
831586,1578
831586,1544
831586,1397
831588,1398
831588,1541
831588,1579
831588,1396
831589,1457
831590,1398
831590,1541
831590,1579
831590,1868
831592,2818
831592,1397
831594,1457
831598,1398
831598,2820
831598,1496
831598,1604
831599,1398
831599,2820
831599,1534
831599,1418
831599,2033
831599,1628
831600,1398
831600,2820
831600,4684
831600,1679
831600,1502
831600,1572
831601,1398
831601,2820
831601,1531
831601,1408
831602,1398
831602,1533
831602,4684
831603,1398
831603,1418
831603,2031
831603,1897
831604,1501
831604,1580
831605,1398
831605,1581
831605,1502
831605,1572
831606,1398
831606,3522
831606,1419
831606,4897
831606,1628
831609,1680
831609,1578
831609,1544
831609,2819
831610,1680
831610,1578
831610,1544
831610,1407
831610,1532
831611,1680
831611,1578
831611,1544
831611,1407
831611,1532
831613,1396
831613,2034
831613,1417
831613,3521
831613,1397
831613,1457
831614,1398
831614,3522
831614,1418
831614,2033
831614,1628
831615,1629
831615,1709
831615,2034
831615,1417
831615,3521
831615,1397
831615,1457
831616,1398
831616,1541
831616,1579
831616,1868
831617,4898
831617,1547
831617,3520
831617,1397
831617,1457
831618,1398
831618,3522
831618,1548
831618,4899
831619,1680
831619,1396
831619,4898
831619,1547
831619,3524
831619,2820
831619,1531
831620,1532
831620,2818
831620,3523
831620,1548
831620,4897
831620,1868
831621,1398
831621,2820
831622,1497
831622,2818
831623,1398
831623,1548
831623,1420
831623,1581
831623,1502
831623,1572
831624,1548
831624,1420
831624,1581
831624,1502
831624,1572
831625,1548
831625,1420
831625,1524
831627,1398
831627,2820
831627,1524
831627,2031
831627,1897
831628,1398
831628,2820
831628,1524
831628,1868
831629,1396
831629,2034
831629,1417
831629,3521
831630,1457
831631,2034
831631,1417
831631,3521
831631,1397
831631,1457
831632,1397
831632,1457
831633,4896
831633,1473
831634,1680
831634,1578
831634,1544
831634,1397
831634,1457
831636,4898
831636,1547
831636,3520
831636,1397
831637,1398
831637,3522
831637,1548
831637,4899
831638,1396
831638,4898
831638,1547
831638,3520
831638,1397
831638,1457
831639,1397
831639,1457
831640,3523
831640,1548
831640,4899
831641,1398
831641,2820
831641,1531
831642,1532
831642,2818
831642,3523
831642,1548
831642,4897
831643,1680
831643,1396
831643,4898
831643,1547
831643,3524
831643,2820
831643,1531
831644,2818
831644,3523
831644,1548
831644,4897
831644,1868
831646,1531
831646,1408
831646,1542
831646,1579
831646,1868
831647,508
831648,924
831648,509
831652,924
831652,1233
831653,2031
831653,1897
