variant_id,is_main,equiv_main_variant_id,join_stop_id,disjoin_stop_id
774946,0,,,
797647,0,826016,,
797823,0,826017,,
805419,0,,,
805422,0,,,
805593,0,826017,,
805671,0,,,
806431,1,,,
806432,1,,,
806466,1,,,
809315,0,826017,,
809416,0,826016,,
809456,0,826017,,
809478,0,826017,,
809494,0,826017,,
809873,1,,,
809910,1,,,
809911,1,,,
810558,0,826016,,
811372,0,826016,,
812503,1,,,
812505,1,,,
812512,0,,,
812516,0,,,
812540,0,,,
812541,0,,,
813989,1,,,
813990,1,,,
813999,0,,,
814099,0,,,
816367,0,,,
816368,0,,,
816469,1,,,
816779,0,826017,,
817724,1,,,
817725,1,,,
817726,0,,,
817727,0,,,
819095,0,,,
819314,0,826016,,
819321,0,826016,,
819332,0,826016,,
819339,0,826016,,
819343,0,826017,,
819353,0,826017,,
819376,0,826016,,
819383,0,826017,,
819411,0,826017,,
819449,0,826016,,
819451,0,826017,,
819459,0,826016,,
819789,0,,,
819793,0,,,
819795,0,,,
820343,0,,,
820680,0,,,
821143,1,,,
821365,0,,,
821409,0,,,
821721,1,,,
822074,1,,,
822075,1,,,
822258,0,826016,,
822307,0,826017,,
822403,0,826016,,
822579,1,,,
822586,0,,,
823493,0,,,
823499,0,826016,,
823531,0,,,
823533,1,,,
823535,0,,,
823537,0,,,
823672,1,,,
823733,0,826017,,
823734,0,826016,,
823809,0,,,
823841,0,,,
824129,0,826017,,
824704,1,,,
824706,0,,,
824746,0,826017,,
824747,0,826016,,
825533,0,826017,,
825546,0,826017,,
825567,0,826016,,
825608,0,,,
825610,0,,,
825622,0,826016,,
825635,1,,,
825636,1,,,
825841,0,,,
825842,0,,,
826014,1,,,
826015,1,,,
826016,1,,,
826017,1,,,
826018,1,,,
826025,0,,,
826027,0,,,
826079,0,826017,,
826128,0,826016,,
826138,0,826016,,
826140,0,826017,,
826158,1,,,
826162,0,,,
826167,0,,,
826168,0,,,
826170,0,,,
826204,1,,,
826237,1,,,
826263,0,826016,,
826266,0,,,
826276,0,826016,,
826277,0,826016,,
826280,0,826017,,
826281,0,826017,,
826282,0,,,
826283,0,826017,,
826284,0,,,
826285,0,826016,,
826294,0,826017,,
826295,0,826017,,
826306,0,,,
826308,0,826016,,
826309,0,826017,,
826312,0,826016,,
826331,0,826017,,
826332,0,826017,,
826333,0,826017,,
826342,0,,,
826357,0,,,
826366,0,826017,,
826384,0,826017,,
826439,0,826017,,
826449,0,826016,,
826450,0,826016,,
826451,0,826017,,
826536,0,826016,,
826577,1,,,
826578,0,826016,,
826583,0,,,
826584,0,,,
826585,0,,,
826586,0,,,
826588,0,,,
826589,0,,,
826590,0,,,
826591,0,,,
826592,0,,,
826593,0,826016,,
826594,0,826016,,
826596,0,826016,,
826615,1,,,
826618,1,,,
826620,0,,,
826623,0,,,
826657,0,826016,,
826660,0,826017,,
826678,1,,,
826682,0,,,
826687,0,,,
826690,0,,,
826885,0,826016,,
826889,0,826017,,
826895,0,826017,,
826907,0,826017,,
826956,1,,,
826960,0,,,
826998,0,,,
827084,0,,,
827089,0,,,
827121,1,,,
827123,1,,,
827146,0,826017,,
827147,0,826016,,
827149,0,826016,,
827212,0,,,
827213,0,,,
827217,0,,,
827231,1,,,
827234,0,826016,,
827235,0,826017,,
827237,0,826016,,
827274,0,826017,,
827280,0,,,
827316,1,,,
827338,0,826017,,
827397,0,826017,,
827423,1,826017,,
827442,0,826016,,
827443,0,826017,,
827444,0,,,
827447,0,826017,,
827449,0,826017,,
827457,0,826017,281,
827463,0,826017,,
827472,0,,,
827473,0,826017,,
827480,0,826017,,
827486,1,,,
827487,0,826017,,
827489,0,826017,,
827490,1,,,
827491,0,826017,,
827519,1,,,
827770,1,,,
827774,0,826017,,
827792,1,,,
827793,1,,,
827796,1,,,
827797,1,,,
827814,0,,,
827823,0,,,
827833,0,,,
827834,0,,,
827835,0,,,
827836,0,826016,,
827837,0,826017,,
827861,0,826017,,
827866,0,,,
827885,0,,,
828265,1,,,
828266,1,,,
828267,1,,,
828268,1,,,
828269,1,,,
828270,1,,,
828272,1,,,
828273,0,,,
828274,0,,,
828277,0,,,
828278,0,,,
828279,0,,,
828280,0,,,
828282,0,,,
828283,0,,,
828284,0,,,
828287,0,,,
828288,0,,,
828289,0,,,
828290,0,,,
828291,0,,,
828292,0,,,
828293,0,,,
828295,0,,,
828296,0,,,
828297,0,,,
828298,0,,,
828300,0,,,
828301,0,,,
828302,0,,,
828303,0,,,
828304,0,,,
828305,0,,,
828306,0,,,
828307,0,,,
828308,0,,,
828309,0,,,
828310,0,,,
828311,0,,,
828313,0,,,
828314,0,,,
828315,0,,,
828332,0,826017,,
828351,0,,,
828365,0,826016,,
828367,0,,,
828368,1,,,
828369,1,,,
828371,0,,,
828372,0,,,
828373,1,,,
828374,0,,,
828375,0,,,
828443,0,,,
828444,0,826016,,
828446,0,826017,,
828447,0,,,
828490,0,826017,,
828497,0,,,
828498,0,,,
828499,0,826016,,
828500,0,826016,,
828505,0,826017,,
828506,0,826016,,
828508,0,826017,,
828511,0,826016,,
828514,0,826016,,
828517,0,826016,,
828524,0,826017,,
828526,0,826016,,
828534,1,,,
828563,0,826016,,
828566,0,826017,,
828602,0,826017,,
828663,0,,,
828673,0,826017,,
828674,0,826016,,
828693,1,,,
828694,1,,,
828696,0,,,
828698,0,826016,,
828699,0,,,
828702,0,,,
828703,0,826016,,
828721,0,826016,,
828722,1,,,
828723,1,,,
828725,0,,,
828726,0,,,
828727,0,,,
828728,0,,,
828732,0,,,
828833,1,,,
828839,1,,,
828884,0,,,
828886,0,,,
828888,0,,,
828892,0,,,
828893,0,,,
828895,0,,,
828897,0,,,
828898,0,,,
828906,0,,,
828929,0,,,
828931,0,,,
828934,0,,,
828938,0,,,
828939,0,,,
829014,1,,,
829023,0,826017,,
829027,0,,,
829028,0,826016,,
829029,0,,,
829030,0,826017,,
829035,0,826017,,
829036,0,,,
829042,0,826016,,
829043,0,826017,,
829046,0,,,
829050,0,,,
829051,0,826017,,
829053,0,,,
829061,0,826016,,
829066,1,,,
829067,1,,,
829069,0,,,
829070,0,,,
829071,0,,,
829072,0,,,
829073,0,,,
829076,1,,,
829078,1,,,
829079,1,,,
829080,1,,,
829081,1,,,
829083,0,,,
829094,0,,,
829100,0,,,
829101,0,,,
829103,0,,,
829104,0,,,
829106,0,,,
829107,0,,,
829108,0,,,
829109,0,,,
829110,0,,,
829111,0,,,
829115,0,,,
829116,0,,,
829117,0,,,
829122,0,,,
829126,0,,,
829145,0,826017,,
829178,0,826017,,
829179,1,,,
829181,1,,,
829182,1,,,
829183,0,,,
829184,0,,,
829186,0,,,
829187,0,,,
829188,0,,,
829190,1,,,
829191,1,,,
829197,0,,,
829199,0,,,
829200,0,,,
829203,0,,,
829204,0,,,
829229,1,,,
829230,1,,,
829231,1,,,
829232,1,,,
829234,0,,,
829236,0,,,
829242,0,,,
829244,0,,,
829245,0,,,
829247,0,,,
829248,0,,,
829249,0,,,
829250,0,,,
829264,0,,,
829270,1,,,
829277,1,,,
829283,1,,,
829285,1,,,
829286,1,,,
829287,1,,,
829288,1,,,
829289,1,,,
829303,1,,,
829328,0,826017,,
829330,0,826016,,
829331,0,826016,,
829340,0,826016,,
829348,0,826016,,
829350,0,826017,,
829351,0,826017,,
829352,0,,,
829353,0,826016,,
829354,0,826017,,
829356,0,,,
829357,0,,,
829358,0,,,
829359,0,,,
829360,0,,,
829361,0,,,
829362,0,,,
829363,0,,,
829364,0,,,
829366,0,,,
829367,0,,,
829368,0,,,
829369,0,,,
829370,0,826016,,
829371,0,826017,,
829372,0,826017,,
829378,0,826017,,
829380,0,,,
829383,0,826017,,
829389,0,826016,,
829392,0,,,
829417,0,,,
829418,0,,,
829419,0,826016,,
829423,0,826017,,
829442,0,826017,,
829447,0,,,
829456,0,,,
829457,0,826016,,
829463,0,,,
829464,0,,,
829474,0,,,
829475,0,826017,,
829488,1,,,
829492,1,,,
829493,1,,,
829503,1,,,
829504,1,,,
829508,1,,,
829509,1,,,
829511,0,,,
829512,0,,,
829513,0,826017,,
829518,0,826016,,
829524,0,,,
829525,0,,,
829526,0,,,
829532,0,826017,,
829536,0,826016,,
829538,0,826017,,
829539,0,826016,,
829540,0,,,
829544,0,826017,,
829546,0,826017,,
829547,0,,,
829548,0,826016,,
829550,0,,,
829551,0,826017,,
829553,0,826016,,898
829554,0,,,
829555,0,826016,,
829557,0,826017,281,
829559,0,,,
829561,1,,,
829562,1,,,
829566,0,826016,,
829567,0,826017,,
829568,1,,,
829569,1,,,
829571,0,826016,,
829572,0,826017,,
829573,1,,,
829578,1,,,
829581,1,,,
829590,0,826016,,
829591,0,826017,,
829598,0,826017,,
829607,0,826017,,
829609,0,826016,,
829626,0,,,
829627,0,,,
829628,0,826016,,
829629,0,826016,,
829646,0,826017,,
829652,0,826016,,
829659,0,826017,,
829660,0,826017,,
829661,0,826017,,
829697,1,,,
829713,0,,,
829715,0,,,
829716,0,,,
829746,1,,,
829750,1,,,
829751,1,,,
829752,1,,,
829759,1,,,
829760,1,,,
829761,1,,,
829762,1,,,
829764,1,,,
829765,1,,,
829768,1,,,
829769,1,,,
829770,1,,,
829771,1,,,
829772,1,,,
829773,1,,,
829774,1,,,
829775,1,,,
829776,1,,,
829777,1,,,
829778,1,,,
829779,0,,,
829782,0,,,
829783,0,826016,,
829785,0,826016,,
829787,0,826017,,
829788,0,,,
829790,0,826017,,
829793,0,,,
829794,0,,,
829796,0,,,
829800,0,,,
829805,0,826016,,
829806,0,,,
829808,0,,,
829810,0,826017,,
829811,0,826016,,
829812,0,826017,,
829816,0,,,
829820,0,,,
829821,0,826016,,
829822,0,,,
829823,0,,,
829824,0,,,
829828,0,,,
829830,0,826017,,
829831,0,826016,,
829842,0,,,
829844,0,,,
829845,0,,,
829860,0,826016,,
829861,0,,,
829862,0,,,
829864,0,,,
829865,0,826017,,
829867,0,826016,,
829869,0,,,
829870,0,826017,,
829871,0,,,
829872,0,826016,,
829876,0,,,
829877,0,,,
829878,0,,,
829879,0,,,
829884,0,826017,,
829887,0,,,
829888,0,,,
829891,0,,,
829892,0,,,
829893,0,,,
829894,0,,,
829895,0,,,
829898,0,826017,,
829900,0,,,
829903,0,,,
829904,0,,,
829905,0,,,
829907,0,826017,,
829908,0,826016,,
829911,0,,,
829913,0,,,
829914,0,,,
829926,1,,,
829928,0,,,
829942,0,,,
829943,0,,,
829944,0,,,
829948,1,,,
829949,0,,,
829950,0,826016,,
829957,0,,,
829959,1,,,
829961,1,,,
829962,1,,,
829963,1,,,
829968,1,,,
830018,0,826017,,
830103,0,826017,,
830104,0,826017,,
830135,0,826017,,
830170,1,,,
830172,1,,,
830174,1,,,
830175,1,,,
830176,1,,,
830181,1,,,
830182,1,,,
830183,1,,,
830184,1,,,
830187,1,,,
830188,1,,,
830189,1,,,
830190,1,,,
830191,1,,,
830193,1,,,
830194,1,,,
830202,0,826017,,
830204,0,,,
830207,0,826017,,
830208,0,826017,,
830209,0,826017,,
830210,0,826016,,
830213,0,,,
830215,0,,,
830240,0,,,
830244,0,,,
830249,0,,,
830252,0,826017,,
830261,0,,,
830263,0,,,
830264,0,,,
830267,0,,,
830268,0,,,
830269,0,826017,,
830270,0,826017,,
830271,0,826016,,
830277,0,826016,,
830278,0,,,
830279,0,,,
830280,0,826016,,
830281,0,826017,,
830283,0,,,
830285,0,826017,,
830286,0,826017,,
830287,0,826016,,
830292,0,,,
830293,0,,,
830294,0,826017,,
830295,0,826016,,
830300,0,,,
830307,0,826016,,
830308,1,,,
830309,1,,,
830310,0,,,
830311,0,,,
830316,1,,,
830319,0,,,
830321,0,,,
830323,0,,,
830327,1,,,
830328,1,,,
830329,0,826017,,
830332,1,,,
830335,1,,,
830336,1,,,
830338,1,,,
830339,1,,,
830340,1,,,
830341,1,,,
830342,0,826016,,
830344,0,826016,,
830345,0,826016,,
830346,0,826016,,
830347,0,826017,,
830350,0,,,
830352,0,,,
830355,0,,,
830357,0,826017,,
830358,0,,,
830359,0,826017,,
830360,0,826017,,
830361,0,826017,,
830362,0,,,
830365,0,,,
830368,0,,,
830370,0,826016,,
830386,0,826016,,
830392,1,,,
830393,1,,,
830400,1,,,
830403,1,,,
830404,1,,,
830409,0,,,
830410,0,826017,,
830411,0,826016,,
830414,0,826017,,
830416,0,826016,,
830417,0,,,
830418,0,826016,,
830419,0,826017,,
830420,0,,,
830427,0,,,
830428,0,,,
830430,0,,,
830431,0,,,
830432,0,,,
830433,0,,,
830434,1,,,
830435,0,,,
830436,0,,,
830437,0,,,
830438,0,,,
830439,0,,,
830441,1,,,
830442,0,,,
830445,1,,,
830446,1,,,
830447,1,,,
830448,1,,,
830449,1,,,
830450,1,,,
830451,1,,,
830452,0,,,
830453,0,,,
830455,0,,,
830457,0,826017,,
830458,0,,,
830459,0,,,
830460,0,826016,,
830462,0,,,
830464,1,,,
830500,0,826017,,
830507,0,826017,,
830541,1,,,
830542,0,,,
830543,0,,,
830544,1,,,
830562,0,826016,,
830567,0,826016,,
830591,0,826016,,
830592,0,826016,,
830618,0,826017,,
830660,0,826016,,
830672,1,,,
830674,1,,,
830685,0,,,
830698,0,,,
830699,0,826016,,
830700,0,826016,,
830701,0,826016,,
830702,0,,,
830703,0,,,
830704,0,,,
830706,0,,,
830707,0,,,
830709,0,,,
830710,1,,,
830711,1,,,
830717,1,,,
830718,1,,,
830719,1,,,
830720,1,,,
830721,1,,,
830728,0,826017,,
830729,0,826017,,
830730,0,826016,,
830734,0,826016,,
830736,0,826016,,
830737,0,826016,,
830746,0,826016,,
830747,0,826017,,
830750,0,826016,,
830754,0,826017,,
830755,0,,,
830756,0,826016,,
830757,0,826016,,
830759,0,826016,,
830760,0,826017,,
830761,0,826016,,
830762,0,826016,,
830768,0,826016,,
830769,0,826016,,
830771,0,826017,,
830774,0,826016,,
830776,0,826017,,
830780,1,,,
830781,0,,,
830782,0,,,
830783,0,,,
830784,0,,,
830799,0,,,
830869,1,,,
830870,1,,,
830883,0,826016,,
830884,0,826016,,
830886,0,,,
830887,1,,,
830888,1,,,
830889,0,,,
830890,0,,,
830891,0,,,
830892,1,,,
830893,1,,,
830894,1,,,
830895,0,,,
830896,0,,,
830899,1,,,
830900,1,,,
830902,0,,,
830904,0,,,
830905,1,,,
830906,1,,,
830907,0,,,
830908,0,,,
830909,0,,,
830912,0,,,
830913,0,,,
830914,0,,,
830917,0,,,
830919,0,,,
830920,0,,,
830924,0,,,
830925,1,,,
830926,1,,,
830927,1,,,
830928,1,,,
830929,1,,,
830930,1,,,
830931,1,,,
830932,1,,,
830933,1,,,
830934,1,,,
830935,1,,,
830936,1,,,
830937,1,,,
830938,1,,,
830939,1,,,
830940,1,,,
830941,1,,,
830942,1,,,
830943,1,,,
830944,1,,,
830945,1,,,
830946,1,,,
830947,1,,,
830948,1,,,
830949,0,,,
830950,0,,,
830951,0,,,
830952,0,,,
830954,0,826016,,
830955,0,826017,281,
830960,0,,,
830962,0,826016,,
830963,0,826016,,
830964,0,826017,,
830967,0,826016,,
830968,0,826017,,
830969,0,826016,,
830970,0,,,
830971,0,,,
830972,0,,,
830973,0,826017,,
830974,0,826017,,
830975,0,826017,,
830976,0,826016,,
830977,0,,,
830980,0,826017,,
830981,0,,,
830983,0,826016,,
830984,0,826017,,
830988,0,,,
830989,0,,,
830990,0,826016,,
830991,0,,,
830992,0,826016,,
830993,0,,,
830995,0,826016,,
830996,0,826016,,
830997,0,826017,,
830998,0,826017,,
830999,0,826017,,
831000,0,826016,,
831001,0,826016,,
831002,0,826017,,
831003,0,,,
831004,0,,,
831005,0,,,
831006,0,826016,,
831008,0,,,
831009,0,826017,,
831010,0,,,
831011,0,826016,,
831012,0,,,
831014,0,,,
831016,0,,,
831017,0,,,
831018,0,,,
831019,0,,,
831020,0,826016,,
831021,0,826016,,
831023,0,,,
831024,0,826016,,
831025,0,826017,,
831029,0,826017,,
831030,0,826016,,
831031,0,826017,,
831032,0,826016,,
831033,0,826017,,
831034,0,826017,,
831035,0,826017,,
831036,0,826016,,
831037,0,826017,,
831038,0,,,
831039,0,,,
831041,0,826017,,
831042,0,826016,,
831043,0,826016,,
831044,0,826017,,
831045,0,826016,,
831046,0,826017,,
831047,0,826017,,
831048,0,826016,,
831049,0,826016,,
831050,0,826017,,
831051,0,,,
831053,0,826016,,
831054,0,826016,,
831055,0,826016,,
831056,0,826017,,
831057,1,,,
831058,1,,,
831059,0,,,
831060,0,,,
831061,0,,,
831062,0,,,
831063,0,826017,,
831064,0,826017,,
831065,1,,,
831070,1,,,
831080,0,826016,,
831081,0,826016,,
831082,0,826017,,
831085,0,826016,,
831086,0,826016,,
831094,0,826017,,
831114,1,,,
831120,0,826017,,
831129,0,826017,,
831131,0,826016,,
831135,0,826016,,
831137,0,826017,,
831143,0,826016,,
831147,0,826017,,
831151,0,,,
831192,0,,,
831197,0,826017,,
831200,0,826016,,
831201,0,826017,,
831212,0,826017,,
831218,0,826016,,
831268,1,,,
831269,1,,,
831270,1,,,
831271,1,,,
831272,1,,,
831273,1,,,
831274,1,,,
831275,1,,,
831276,1,,,
831277,1,,,
831278,1,,,
831279,0,,,
831280,0,,,
831281,0,,,
831282,0,,,
831285,0,,,
831287,0,,,
831289,0,,,
831292,0,,,
831296,0,,,
831298,0,,,
831300,0,,,
831302,0,,,
831303,0,,,
831304,0,,,
831305,0,,,
831306,0,,,
831307,0,,,
831309,0,,,
831310,0,,,
831328,0,,,
831329,0,,,
831330,0,,,
831334,1,,,
831337,1,,,
831338,1,,,
831339,1,,,
831341,1,,,
831342,1,,,
831343,1,,,
831371,0,,,
831372,0,826017,,
831373,0,826017,,
831374,0,826016,,
831400,0,826017,,
831408,0,826017,,
831417,0,826017,,
831423,0,826016,,
831451,0,826016,,
831461,0,,,
831463,0,,,
831478,0,826016,,
831480,0,826016,,
831489,0,826016,,
831490,0,826016,,
831496,0,,,
831498,0,,,
831524,1,,,
831527,0,826017,,
831536,0,826016,,
831548,0,826017,,
831552,1,,,
831556,1,,,
831558,0,826017,,
831559,0,826016,,
831561,0,826017,,
831562,0,826017,,
831564,0,826017,,
831566,0,826016,,
831567,0,826017,,
831570,0,826017,,
831573,0,826017,,
831574,0,826016,,
831575,0,826017,,
831576,0,826016,,
831577,0,826016,,
831578,0,826016,,
831579,0,826017,,
831581,0,826017,,
831584,0,826016,,
831585,0,826017,,
831586,0,826016,,
831588,0,826017,,
831589,0,826016,,
831590,0,826017,,
831592,0,826016,,
831594,0,826016,,
831598,0,826016,,
831599,0,826017,,
831600,0,826016,,
831601,0,826017,,
831602,0,826016,,
831603,0,826017,,
831604,0,,,
831605,0,826016,,
831606,0,826017,,
831609,0,826016,,
831610,0,826016,,
831611,0,826016,,
831613,1,,,
831614,1,,,
831615,1,,,
831616,1,,,
831617,1,,,
831618,1,,,
831619,1,,,
831620,1,,,
831621,0,826016,,
831622,0,826017,,
831623,0,826016,,
831624,0,826016,,
831625,0,826017,,
831627,0,826017,,
831628,0,826017,,
831629,0,826016,,
831630,0,826016,,
831631,0,826016,,
831632,0,826016,,
831633,0,826016,,
831634,0,826016,,
831635,0,,,
831636,0,826016,,
831637,0,826017,,
831638,0,826016,,
831639,0,826016,,
831640,0,826017,,
831641,0,826017,,
831642,0,,,
831643,0,826016,,
831644,0,826017,,
831645,0,,,
831646,0,826017,,
831647,1,,,
831648,1,,,
831651,0,826016,,
831652,0,,,
831653,0,,,
